1 30050 122678196
2 296 85425378
3 1185 91887884
4 333 88275746
5 3144 88914007
6 13218 77560451
7 5495 80946513
8 166198 74324190
9 28062 61071537
10 4860 69323358
11 1628 74385526
12 731 72495619
13 3528 63239277
14 39538 60962257
15 3972 64188573
16 460876 59029781
17 44927 64266919
18 40330 55841190
19 5243 53739861
20 1168 58124961
21 5516 50854408
22 98554 61437261
23 820 52293774
24 1098 47680647
25 28774 51616477
26 1187 38958450
27 2772 45872175
28 4308 41181241
29 2795 41844702
30 712 40203827
31 10591 39895227
32 29077 38803874
33 826 31376276
34 5539 42113908
35 20454 26524445
36 5169 30804706
37 3867 30902322
38 12109 23910324
