NA NA
135008957 NA
135011184 NA
135013047 NA
135013081 0.4308696
135015630 0.3517236
135017417 0.3710438
135020291 0.3214764
135022906 0.2952527
135026866 0.2824701
135031877 0.2684404
135039338 0.2483213
135040366 0.2392833
135040432 0.2293334
135042375 0.2181128
135043739 0.2154599
135046984 0.2010072
135056850 0.1934961
135059492 0.1862753
135061348 0.1844243
135065836 0.1839671
135066191 0.1780763
135067753 0.1702446
135068656 0.1737034
135068794 0.1688115
135069472 0.1721319
135072353 0.1735633
135075621 0.1716476
135076111 0.1722289
135077707 0.1688221
135077861 0.1722636
135081328 0.1696016
135082668 0.1621693
135082760 0.1607927
135083399 0.1639491
135083858 0.159355
135085060 0.1616474
135085884 0.1624066
135087985 0.1598536
135093153 0.1603507
135096428 0.1585209
135101325 0.1585474
135104804 0.1585039
135105867 0.1540483
135107178 0.1549674
135107763 0.1534294
135107831 0.156249
135108192 0.1517847
135110011 0.1511395
135122375 0.1544988
135124303 0.1574174
135125537 0.1562514
135139111 0.1595973
135143287 0.1613442
135143858 0.1638627
135145543 0.1608229
135146518 0.1609499
135146978 0.1605241
135148016 0.1539134
135148784 0.1540366
135149978 0.1548306
135150382 0.1548305
135153547 0.1570713
135156342 0.1583445
135156753 0.1572645
135158382 0.1592482
135159453 0.1595626
135163015 0.1558274
135165605 0.1524538
135166385 0.1525351
135167600 0.1502322
135168676 0.1456564
135168782 0.1443811
135171156 0.1383595
135172542 0.1353496
135174546 0.1337692
135178287 0.1348489
135178756 0.1342989
135181643 0.1371365
135182574 0.1359347
135183686 0.134542
135187040 0.1339844
135195504 0.1296602
135195752 0.1287381
135198512 0.1279572
135202455 0.1255751
135203572 0.1253984
135205640 0.1269397
135205984 0.1252279
135207939 0.1288505
135208475 0.1272278
135208821 0.1276349
135209591 0.1279676
135210135 0.1309898
135211220 0.1295934
135211861 0.1293104
135212242 0.1282099
135213256 0.1275034
135217096 0.1254409
135219364 0.1253617
135220482 0.1252579
135220931 0.1255836
135222213 0.1262583
135222645 0.1271281
135222804 0.1280103
135224353 0.1282599
135225935 0.1294972
135227451 0.1299113
135235569 0.1264431
135235583 0.1291548
135236250 0.1308762
135236985 0.133668
135237274 0.1302514
135237471 0.1316409
135238953 0.1309367
135239166 0.1295033
135240640 0.1306209
135241272 0.1273135
135242989 0.1276061
135243291 0.121972
135243753 0.1197795
135243810 0.1172459
135244584 0.1167711
135246872 0.109956
135249140 0.1107517
135249303 0.109656
135250568 0.1081241
135252029 0.1072516
135252047 0.1083906
135252835 0.1068261
135254033 0.1074167
135254161 0.1099944
135254599 0.1108141
135256575 0.1104464
135256586 0.1100224
135256780 0.11398
135256974 0.1133477
135257668 0.1155934
135257744 0.1165147
135260851 0.1190471
135261737 0.1201762
135264022 0.1246256
135264146 0.1260842
135268372 0.1303136
135268534 0.1326871
135270377 0.1371051
135270750 0.1407121
135279277 0.145348
135280039 0.1481137
135282289 0.1544659
135283571 0.1598731
135284038 0.1562854
135284307 0.1536908
135290221 0.1474989
135293151 0.1509047
135295619 0.1509866
135300482 0.1561318
135308248 0.1736739
135311142 0.1786647
135313930 0.1806347
135327769 0.2071734
135328919 0.2138736
135337261 0.229444
135341200 0.2139661
135342452 0.206949
135343204 0.2062002
135343228 0.2100399
135344330 0.2062179
135345561 0.2022757
135345907 0.2050791
135350374 0.1947904
135351764 0.1910455
135358298 0.181556
135363870 0.1782459
135372951 0.1939216
135386581 0.2164815
135389081 0.2109612
135407310 0.1770275
135407360 0.1807725
135407641 0.183347
135408102 0.1904489
135408382 0.187954
135412098 0.189123
135413892 0.1836936
135413989 0.1892324
135416023 0.1892569
135416595 0.1910678
135417350 0.1954652
135418183 0.201306
135419407 0.1960875
135419874 0.1998015
135422071 0.2015768
135423780 0.206794
135424668 0.2103612
135426618 0.2068145
135427392 0.2094867
135427986 0.2193919
135432712 0.2270462
135437503 0.2344563
135438404 0.2258252
135439910 0.221412
135442415 0.2135102
135442810 0.2090456
135453545 0.2100907
135453916 0.2048387
135456708 0.2013539
135460254 0.1927458
135460632 0.1896949
135466877 0.187209
135467498 0.1842884
135478575 0.183146
135479582 0.1844534
135481625 0.1838129
135482870 0.1838693
135483413 0.1843073
135483534 0.1855462
135486189 0.1872986
135487516 0.194546
135488574 0.1868033
135489179 0.1880846
135490064 0.1886037
135490423 0.1873446
135491767 0.1847336
135493464 0.1774972
135495153 0.1740152
135496212 0.1711439
135501761 0.1667006
135503384 0.167662
135505032 0.1651831
135505676 0.1642021
135506061 0.1584497
135506073 0.1572988
135506434 0.1565892
135506728 0.1560941
135507543 0.1565149
135508111 0.1575982
135508267 0.1581745
135508645 0.1591067
135508893 0.1567221
135509245 0.1565388
135510411 0.1576894
135516862 0.1580885
135517041 0.1548022
135517049 0.1512183
135517055 0.155574
135517057 0.155754
135517068 0.1553438
135520167 0.1581192
135524535 0.160203
135528787 0.1642089
135528888 0.1670488
135529817 0.1666325
135532157 0.1668638
135537898 0.16265
135539339 0.1589218
135539472 0.1571289
135542328 0.1611232
135542977 0.1586553
135543584 0.1557426
135548355 0.1592641
135551563 0.1547828
135554900 0.1519418
135555757 0.1542324
135559245 0.1570359
135559668 0.1545077
135562973 0.156294
135565731 0.1553312
135566318 0.1592792
135567151 0.1589057
135571903 0.1587882
135574419 0.1622584
135576143 0.165182
135577806 0.1702386
135577898 0.1737692
135579213 0.1754993
135584904 0.1757552
135587596 0.1829973
135592226 0.189285
135592366 0.197519
135592376 0.2007983
135592441 0.2071218
135599739 0.2009255
135600925 0.2003982
135605792 0.2049524
135605812 0.213218
135611048 0.2111322
135614876 0.2087875
135617133 0.1946755
135618534 0.2002868
135620185 0.2016293
135622808 0.1950507
135627823 0.1835209
135632754 0.1911733
135638044 0.1822144
135647437 0.1887288
135647659 0.1876822
135652735 0.2006822
135657471 0.1955175
135659621 0.1984105
135665564 0.1888652
135666103 0.1868724
135673387 0.1867491
135676852 0.1810801
135678888 0.18725
135682792 0.1883405
135683017 0.1877753
135700151 0.2152408
135704537 0.2142948
135706321 0.2267093
135709501 0.2198937
135711657 0.2145428
135715219 0.2192574
135715234 0.2180944
135717383 0.214427
135717997 0.2114347
135721175 0.2285236
135725419 0.2237213
135726030 0.2261886
135726209 0.2204522
135726408 0.2184561
135726727 0.2157162
135730884 0.2143885
135735175 0.2215313
135735519 0.2191242
135736138 0.2249932
135740876 0.2232748
135748196 0.2251548
135750692 0.2324625
135753327 0.2469769
135755119 0.2465576
135757320 0.2510388
135759095 0.2452478
135761271 0.2487899
135762061 0.2487006
135762980 0.2515807
135764753 0.2252426
135768352 0.2157994
135770940 0.2206277
135773231 0.2182179
135773449 0.215672
135773617 0.2072537
135775130 0.2018011
135778656 0.1874704
135783157 0.1847423
135795000 0.1879509
135795150 0.1812739
135795385 0.1773798
135796919 0.1770927
135796965 0.1714931
135798082 0.1687601
135804066 0.1753485
135805943 0.1757501
135812969 0.1771505
135826061 0.1974476
135826575 0.2027253
135827101 0.2068896
135831859 0.202998
135833521 0.2005814
135839805 0.2124887
135846644 0.217619
135847928 0.2121192
135852167 0.214334
135863477 0.246319
135863876 0.2429543
135863955 0.2380635
135864011 0.2407543
135866338 0.2339535
135869380 0.2327065
135871571 0.240986
135873887 0.2392162
135875011 0.2354441
135875017 0.2411119
135875164 0.2487159
135877562 0.2464668
135878814 0.2371564
135880013 0.2356059
135882492 0.2447159
135884487 0.2398266
135887030 0.2489978
135887893 0.2456817
135895879 0.2310284
135896671 0.24149
135909462 0.2392492
135909920 0.2516506
135911422 0.2560218
135912255 0.2528149
135921839 0.2343067
135922944 0.2465123
135924467 0.2428399
135928292 0.2487735
135930540 0.2508504
135933921 0.2222317
135946529 0.2340492
135949733 0.2411332
135960616 0.223151
135962223 0.2306165
135962864 0.2230984
135963304 0.2218289
135964564 0.2501414
135978792 0.2719464
135984172 0.2700611
135987024 0.2648189
135991547 0.2657852
135992157 0.2570604
135994203 0.2592338
135994441 0.2449609
135994644 0.2569196
135997606 0.2643402
136003567 0.2582891
136005971 0.2545106
136007338 0.2568654
136011050 0.2644221
136012313 0.2646098
136014738 0.2724038
136019254 0.2697896
136032502 0.2837088
136032734 0.2822607
136033790 0.2845797
136042064 0.2688249
136043677 0.2716337
136045826 0.267515
136046052 0.2700774
136049235 0.2791506
136049992 0.2811333
136050581 0.2940872
136051466 0.297467
136052770 0.2937999
136053782 0.3063767
136058820 0.3136133
136061560 0.3048999
136063685 0.3048172
136066699 0.2741203
136068369 0.2731358
136072754 0.2772423
136081038 0.2628368
136085717 0.2816228
136088961 0.2903089
136089758 0.2891621
136098070 0.2963955
136101823 0.2927442
136103917 0.3057008
136105275 0.3033755
136110118 0.2930572
136125165 0.2932858
136127216 0.2867468
136128630 0.2843613
136135383 0.3059004
136136366 0.3044156
136139107 0.3168998
136147607 0.2870361
136147948 0.2876706
136149148 0.3016014
136157752 0.3189927
136158644 0.3162973
136162423 0.3153143
136163927 0.3155145
136165074 0.309468
136165075 0.3027896
136165239 0.2988345
136165642 0.2995781
136167030 0.2929186
136168686 0.2928043
136171386 0.2967517
136175358 0.2777541
136176104 0.2647768
136179305 0.2773822
136182355 0.2614872
136182484 0.2601129
136188480 0.2756915
136188575 0.2775593
136188849 0.2792781
136189428 0.282119
136189475 0.2749309
136193318 0.2798231
136193839 0.2735304
136202937 0.2705563
136209727 0.2977597
136214532 0.2957594
136228887 0.274425
136239727 0.2844558
136245723 0.2794394
136262927 0.2623862
136264344 0.2664985
136265188 0.2826169
136268560 0.2947525
136268788 0.2904135
136272101 0.303089
136274196 0.3080694
136274972 0.3168574
136275985 0.3149693
136276058 0.3269547
136283916 0.279578
136285317 0.292065
136286021 0.3066161
136309552 0.2035408
136311867 0.208745
136313639 0.2100965
136318299 0.2124828
136327305 0.2100462
136331435 0.2148126
136350089 0.2321168
136351327 0.2409168
136359940 0.2351033
136366433 0.2437897
136382936 0.2971879
136383778 0.2805186
136388473 0.2915946
136390730 0.2817042
136393157 0.2693569
136393951 0.2770484
136396892 0.2654206
136401418 0.2510689
136402646 0.2486131
136403272 0.2447434
136405903 0.2471934
136412270 0.2270921
136412395 0.2315492
136413359 0.2273589
136413847 0.2266979
136416855 0.2134117
136418741 0.2150197
136429088 0.2152474
136430866 0.2135619
136438950 0.2161636
136444185 0.2142677
136448142 0.2213284
136449254 0.2165518
136449305 0.2209077
136452728 0.230225
136455680 0.2341607
136458856 0.2328217
136463117 0.2348523
136464598 0.2398919
136470714 0.2330734
136472107 0.2432546
136474098 0.2423792
136475839 0.2510722
136477100 0.2523585
136481405 0.2563569
136485111 0.248667
136490266 0.254906
136490731 0.2561363
136498283 0.2563736
136510012 0.2522934
136514709 0.2555623
136515458 0.2463436
136515801 0.2500199
136522710 0.2335734
136525309 0.2341155
136525856 0.241043
136530248 0.2316961
136530379 0.2259575
136533195 0.2330379
136536095 0.2290336
136543147 0.2317176
136544423 0.2265513
136549824 0.2400011
136551537 0.236561
136553323 0.2467802
136553639 0.2407993
136563248 0.2482485
136571852 0.2500432
136578194 0.2578763
136582925 0.2723425
136586721 0.2624384
136586958 0.2514052
136591029 0.2561425
136591178 0.2607601
136592309 0.2567342
136593644 0.2633668
136596867 0.2457248
136604610 0.2577711
136607703 0.2480144
136609671 0.2517241
136614255 0.2470548
136619744 0.2640965
136619844 0.2713534
136622046 0.261008
136626819 0.280194
136630989 0.2736722
136636225 0.2899505
136646900 0.278509
136652093 0.2982927
136655582 0.288836
136674028 0.2641686
136676150 0.2656535
136682274 0.2530836
136691737 0.2437654
136695624 0.2366763
136696608 0.2235884
136707140 0.2174792
136710554 0.2233747
136733897 0.2435106
136740900 0.2471709
136744762 0.2533808
136773132 0.2273222
136774796 0.2079626
136785688 0.2029802
136793114 0.1829658
136793729 0.1776932
136794389 0.1689183
136796019 0.1694068
136799991 0.1678654
136802434 0.166713
136802515 0.1670975
136802725 0.1670696
136804602 0.1713233
136804872 0.1743639
136806106 0.1780421
136806774 0.1732043
136814103 0.1849758
136814629 0.1836068
136820897 0.1797489
136822267 0.177401
136836365 0.1684468
136839846 0.1640122
136849654 0.1699257
136853768 0.1693359
136854537 0.1670172
136859144 0.1603726
136860740 0.1584277
136861225 0.157655
136864703 0.1578252
136865422 0.1619015
136868073 0.1630066
136878267 0.1605083
136878806 0.1636236
136880385 0.1635041
136881896 0.1579027
136889725 0.1505504
136893225 0.1549497
136893864 0.1624431
136899859 0.1584706
136901513 0.1617048
136902666 0.1639979
136905891 0.1817168
136907436 0.1889975
136907682 0.1868272
136907854 0.1901128
136908661 0.1957283
136919236 0.1983666
136920291 0.1926088
136921703 0.1891816
136923155 0.1931907
136925439 0.1886123
136926146 0.1918453
136927094 0.1951974
136927678 0.1997878
136928320 0.204289
136929883 0.2095901
136930350 0.2112229
136931738 0.2055301
136932226 0.2067135
136932277 0.2044488
136932325 0.2048577
136933360 0.2028966
136934449 0.2059832
136935140 0.2064661
136935410 0.2105033
136938360 0.2144313
136958333 0.1911969
136976936 0.1707958
136980394 0.1669499
136981801 0.1569034
136982160 0.1549182
136984041 0.1491388
136986145 0.1472599
136989136 0.139794
136990327 0.1379316
136990501 0.136591
136992481 0.1357058
136994969 0.1394691
136996936 0.1402734
136999193 0.1428989
136999531 0.1395212
137000815 0.1359328
137003145 0.1351014
137007429 0.1398626
137015991 0.1488616
137017060 0.1494727
137018214 0.1452543
137019290 0.1478273
137019611 0.1463051
137020008 0.1436214
137020366 0.1451399
137023823 0.1462063
137023907 0.1439308
137028349 0.1563706
137029429 0.1597025
137030604 0.1653059
137033215 0.1751656
137033984 0.1771055
137034892 0.1835916
137041634 0.1953109
137046179 0.1919444
137048242 0.1879004
137050693 0.1840002
137056663 0.1779464
137056732 0.1754539
137057966 0.1727022
137058226 0.1699025
137062217 0.1732318
137065275 0.1626506
137068795 0.1581233
137071185 0.1530983
137072200 0.1510437
137072205 0.1493202
137072212 0.1512294
137072220 0.1512204
137072260 0.1513084
137072287 0.151816
137072861 0.1503476
137072982 0.1500763
137078450 0.1521402
137081317 0.1470832
137081453 0.1460003
137082314 0.1394848
137084042 0.1358732
137085848 0.1352342
137087590 0.1358897
137088396 0.1355664
137089068 0.1375221
137092469 0.1204327
137097138 0.1168281
137101203 0.1191243
137101357 0.1189155
137102776 0.1204765
137106747 0.1122984
137106802 0.1125853
137111399 0.1077908
137113395 0.1089982
137114522 0.1068681
137116972 0.1090133
137118580 0.108675
137122703 0.1150737
137123420 0.1140768
137124733 0.1205863
137126513 0.1190834
137128185 0.1156995
137128693 0.1176678
137128924 0.1176334
137132945 0.1174672
137134966 0.1224879
137137242 0.1226474
137141528 0.1293245
137144076 0.1328031
137145526 0.1324281
137149716 0.1377346
137151354 0.1402269
137156111 0.1384805
137156214 0.1401374
137157984 0.1436685
137163357 0.146393
137164436 0.1452141
137165028 0.1488948
137166151 0.1486498
137170313 0.1448767
137170677 0.1460736
137178635 0.1576159
137188206 0.1570399
137189366 0.1658316
137190159 0.1648802
137190884 0.1654966
137190973 0.1652876
137191211 0.160939
137194436 0.1623588
137202779 0.1625735
137205495 0.1581163
137205852 0.1590594
137206567 0.1604883
137207082 0.1553237
137210991 0.1562997
137222766 0.136124
137225873 0.1396602
137226929 0.1407545
137227105 0.1436365
137228094 0.1441844
137231006 0.1418077
137231184 0.1441467
137231321 0.1458849
137234388 0.1448685
137237532 0.1427029
137240304 0.1433839
137252377 0.1530042
137252435 0.1486128
137253460 0.1538668
137257814 0.1528318
137258052 0.156394
137263270 0.1380876
137264755 0.1391422
137265745 0.144315
137266178 0.1488862
137272067 0.1399923
137273754 0.1408529
137278429 0.1451527
137287230 0.1398202
137289147 0.1368432
137290099 0.1434008
137291713 0.1501864
137291850 0.1479411
137293677 0.1444325
137295094 0.1505334
137295709 0.1459361
137301605 0.1462713
137301674 0.1495042
137311767 0.1459873
137312484 0.1470991
137313644 0.1427722
137314018 0.142025
137314139 0.1431413
137315289 0.1442211
137316141 0.1430176
137317250 0.139578
137319303 0.1344629
137320160 0.133518
137320595 0.1347249
137332500 0.1464297
137334985 0.1484896
137339452 0.1480569
137341645 0.1463224
137343953 0.14914
137354018 0.1519028
137357554 0.1472609
137358345 0.1532117
137358348 0.1502509
137359430 0.1493665
137359646 0.1495071
137360502 0.146971
137360575 0.1473507
137366928 0.1420702
137369835 0.1382945
137370476 0.137961
137370859 0.1366428
137374844 0.1402181
137377204 0.1429103
137378516 0.1481308
137391909 0.14493
137393838 0.1444605
137395516 0.1451969
137397543 0.1451903
137406052 0.1474521
137406504 0.1441134
137410338 0.1447129
137411321 0.1449837
137413110 0.1422306
137414562 0.1381007
137417240 0.144209
137417678 0.1444393
137419264 0.1411203
137420739 0.1431816
137422280 0.1414162
137423604 0.1397623
137425252 0.1421916
137427832 0.1387852
137432131 0.1378851
137432713 0.1385659
137433150 0.1369963
137433213 0.1359077
137437500 0.1375974
137437778 0.1382397
137438828 0.1370292
137440433 0.1401884
137440452 0.1408042
137441912 0.141194
137446163 0.1434202
137447610 0.1407872
137447960 0.1411826
137449832 0.1373193
137455990 0.1385312
137456491 0.1383073
137456952 0.1375827
137461190 0.1465357
137462988 0.145729
137466332 0.1450851
137466369 0.1490401
137467995 0.1485678
137468272 0.1497712
137468911 0.1500073
137469052 0.1515776
137471525 0.1533514
137472390 0.1558787
137473134 0.1565096
137474235 0.1571867
137475955 0.1567496
137476108 0.1565871
137483723 0.1628557
137488001 0.1616409
137493893 0.1546017
137493912 0.1560374
137495884 0.1579891
137496437 0.1569967
137497157 0.152857
137497783 0.156346
137498423 0.1553788
137499369 0.1544933
137502299 0.1572503
137503882 0.1563106
137505188 0.1567534
137506263 0.1565247
137509830 0.1547329
137511345 0.1594258
137511780 0.1600796
137514358 0.1619764
137515952 0.1583789
137516064 0.1590292
137517242 0.1599746
137518086 0.160985
137518396 0.1585683
137523343 0.1588661
137527965 0.1542329
137531743 0.1540567
137531892 0.1510965
137532326 0.1498766
137533369 0.1450476
137536904 0.1426096
137537357 0.1426145
137542038 0.1403737
137543814 0.1418508
137544784 0.1380444
137547081 0.138456
137549133 0.1353637
137549720 0.1319241
137551881 0.1313285
137554062 0.1328182
137556326 0.1318043
137557380 0.1315429
137559630 0.1298349
137562859 0.1327729
137565177 0.1379684
137567677 0.1406384
137575680 0.1410066
137580234 0.1413703
137582372 0.1380003
137586769 0.141416
137588274 0.1422983
137588290 0.141642
137588463 0.1416657
137590839 0.1422624
137591101 0.1412601
137591618 0.1410123
137592114 0.1405593
137593781 0.1395307
137596420 0.1464009
137596648 0.1481596
137596865 0.1471679
137599040 0.1438673
137599042 0.1441018
137602076 0.1413984
137611077 0.1441959
137611548 0.1456518
137613394 0.1482324
137613850 0.1500486
137616430 0.1530769
137617180 0.153382
137617331 0.1565871
137621738 0.164046
137622225 0.1669845
137622392 0.1685715
137623359 0.1672205
137624147 0.1671986
137627498 0.1674128
137629273 0.1682591
137631807 0.1680721
137631871 0.1677877
137632620 0.1668102
137634069 0.1673722
137636057 0.1682612
137638495 0.1672482
137639171 0.1664794
137641015 0.1674325
137644283 0.16907
137646432 0.1684119
137648914 0.1617191
137650018 0.1618845
137654858 0.1620911
137655063 0.1639974
137655112 0.1650035
137656935 0.1646335
137657056 0.1645237
137657468 0.1651375
137659860 0.1652242
137662207 0.1629966
137662293 0.1631783
137662939 0.1645782
137664395 0.1656543
137668190 0.1608953
137669947 0.1576877
137670351 0.154523
137672196 0.1513561
137674348 0.149499
137674427 0.1459303
137676680 0.1433915
137676864 0.1439127
137678467 0.1455515
137681439 0.1466624
137685095 0.1431326
137685253 0.1425029
137685803 0.1446948
137688836 0.146686
137689040 0.1460426
137690970 0.1488554
137692715 0.1487969
137694054 0.1462893
137694882 0.1421313
137695676 0.1404026
137697377 0.1435048
137697528 0.1432577
137697754 0.1436019
137699508 0.1461084
137699942 0.1418458
137700177 0.1446663
137701001 0.1436456
137702166 0.1428658
137702833 0.1420336
137704099 0.1454856
137704224 0.1449702
137706833 0.1420592
137707381 0.1447984
137707753 0.1443514
137708205 0.1434727
137710590 0.1405326
137712645 0.1427162
137714996 0.1478551
137715205 0.1466619
137715927 0.1435934
137716883 0.1452742
137718153 0.1466453
137718382 0.1472299
137719109 0.1495694
137719390 0.1478311
137720052 0.149104
137721672 0.1501827
137723171 0.1597731
137731295 0.1598459
137731922 0.1624139
137732087 0.1608181
137733398 0.1612491
137733935 0.1672497
137736129 0.1749277
137737564 0.1763144
137741019 0.1779808
137746776 0.186057
137747571 0.1852505
137747882 0.1866502
137749350 0.1860542
137753876 0.192019
137755149 0.1949616
137758089 0.1982579
137759194 0.1957891
137761406 0.1948583
137764620 0.196403
137766743 0.1972204
137767306 0.198586
137767548 0.1997599
137768244 0.1997123
137771996 0.1878424
137772263 0.186747
137773404 0.1793309
137776121 0.1763766
137779070 0.1740635
137782981 0.1740143
137786306 0.1732079
137791394 0.1666885
137792627 0.165444
137794226 0.1624035
137794678 0.1609684
137797794 0.1576937
137804104 0.1535401
137810050 0.1513493
137811749 0.1462463
137815378 0.1437977
137818092 0.1413046
137821315 0.1368812
137824577 0.138279
137824610 0.1354284
137825276 0.1361283
137826055 0.1373359
137827262 0.1357896
137828301 0.1366098
137829318 0.1382618
137829558 0.1372649
137830154 0.1398905
137830312 0.1386199
137831518 0.1407837
137831960 0.1382194
137833111 0.140709
137833580 0.13835
137833600 0.1381365
137833858 0.1416289
137834665 0.143035
137836007 0.1438212
137839047 0.1525335
137839794 0.1504304
137840315 0.1549676
137845229 0.1552567
137845824 0.1592304
137849550 0.1712817
137852550 0.1715299
137853058 0.1746561
137854477 0.1786869
137858474 0.182785
137858621 0.1837413
137860258 0.1865262
137861276 0.1833005
137870529 0.1938085
137870582 0.1914706
137872957 0.1961132
137872961 0.1950881
137875303 0.1990793
137875955 0.1960318
137877593 0.1976785
137878631 0.1985641
137882139 0.2034444
137883709 0.2082707
137887399 0.2084364
137888212 0.2117511
137888905 0.2086568
137890465 0.2095305
137893788 0.2095777
137894492 0.2118961
137894811 0.2142556
137898753 0.2149764
137900456 0.2143674
137903515 0.2132676
137903538 0.2119849
137904252 0.2124768
137905560 0.213576
137906011 0.2143258
137907547 0.2127654
137910175 0.2161031
137911174 0.2168361
137911275 0.218692
137912885 0.2189866
137914843 0.2216551
137915019 0.2233426
137918427 0.2260476
137921051 0.2287723
137923518 0.2291191
137924086 0.230532
137925378 0.2300832
137925488 0.2324594
137927905 0.232203
137931186 0.2398295
137938904 0.2424243
137939694 0.249858
137940592 0.2551606
137945259 0.2583057
137945431 0.2611186
137946498 0.2684709
137946990 0.2761572
137947167 0.2771196
137947329 0.2817729
137949357 0.2901198
137951862 0.2996447
137960498 0.3047816
137960969 0.2987894
137963127 0.309598
137963614 0.31644
137964096 0.3087195
137964736 0.3026579
137966454 0.2968334
137966733 0.2912019
137968732 0.285692
137969243 0.2803658
137969300 0.2751568
137969446 0.2700665
137969561 0.2763147
137970055 0.2850373
137970204 0.282965
137970590 0.2791908
137971808 0.2737202
137972748 0.2683843
137973062 0.2672717
137974224 0.2756759
137974593 0.2710929
137974720 0.2644306
137974824 0.2593033
137975587 0.2737637
137976005 0.2669379
137976668 0.2798839
137977971 0.2743359
137978184 0.2686647
137979926 0.2661471
137980478 0.2663134
137981047 0.2638069
137981375 0.2634366
137983158 0.258699
137983320 0.2611109
137986076 0.2857723
137987743 0.3017209
137988277 0.2955703
137990678 0.2993027
137993191 0.3242971
137993886 NA
137996869 NA
137998330 NA
NA NA
