2793 2793
2871 2871
0002 0002
0005 0005
2893 2893
0061 0061
0071 0071
0112 0112
0116 0116
0172 0172
0194 0194
0220 0220
0245 0245
0246 0246
0270 0270
0281 0281
0298 0298
0322 0322
0327 0327
0328 0328
2911 2911
0338 0338
0397 0397
0405 0405
0423 0423
0430 0430
0455 0455
0458 0458
0485 0485
0497 0497
0517 0517
0536 0536
0553 0553
0556 0556
0563 0563
0564 0564
0571 0571
0586 0586
0624 0624
0634 0634
0660 0660
0661 0661
0699 0699
0734 0734
0735 0735
0736 0736
0752 0752
0757 0757
0769 0769
0781 0781
0789 0789
0795 0795
0798 0798
0801 0801
0806 0806
0829 0829
0855 0855
0857 0857
0864 0864
0871 0871
0876 0876
0879 0879
0888 0888
0914 0914
0925 0925
0926 0926
0936 0936
0945 0945
0969 0969
0981 0981
1011 1011
1026 1026
1049 1049
1078 1078
1080 1080
1083 1083
1092 1092
2950 2950
1104 1104
1109 1109
1111 1111
1112 1112
1138 1138
1166 1166
1172 1172
1182 1182
1202 1202
1241 1241
1254 1254
1295 1295
2960 2960
1325 1325
1336 1336
1347 1347
1358 1358
1377 1377
1381 1381
1384 1384
1388 1388
1395 1395
1449 1449
1512 1512
1532 1532
1542 1542
1573 1573
1580 1580
1608 1608
1615 1615
1620 1620
1626 1626
1650 1650
2981 2981
1670 1670
1692 1692
1699 1699
1706 1706
1724 1724
1736 1736
1771 1771
1774 1774
1784 1784
1787 1787
1790 1790
1797 1797
1804 1804
1824 1824
1835 1835
1898 1898
1908 1908
1916 1916
2991 2991
1945 1945
1997 1997
2025 2025
2030 2030
2036 2036
2062 2062
3008 3008
3010 3010
3015 3015
3021 3021
3056 3056
3065 3065
2117 2117
2123 2123
2132 2132
3086 3086
3092 3092
3095 3095
2166 2166
2190 2190
2191 2191
2201 2201
2210 2210
2217 2217
2227 2227
2254 2254
2297 2297
2312 2312
2363 2363
2420 2420
2480 2480
2484 2484
2497 2497
3121 3121
2502 2502
2513 2513
2537 2537
2546 2546
2548 2548
2565 2565
2577 2577
2606 2606
2607 2607
2609 2609
2610 2610
2614 2614
2617 2617
2635 2635
2639 2639
2685 2685
3138 3138
2730 2730
3139 3139
2750 2750
2753 2753
2755 2755
2762 2762
3152 3152
3158 3158
3164 3164
3172 3172
at_risk_dog_71 at_risk_dog_71
at_risk_dog_146 at_risk_dog_146
at_risk_dog_358 at_risk_dog_358
at_risk_dog_430 at_risk_dog_430
at_risk_dog_543 at_risk_dog_543
breed_dog_1226 breed_dog_1226
breed_dog_1199 breed_dog_1199
breed_dog_525 breed_dog_525
breed_dog_384 breed_dog_384
breed_dog_544 breed_dog_544
breed_dog_14 breed_dog_14
breed_dog_27 breed_dog_27
breed_dog_65 breed_dog_65
breed_dog_218 breed_dog_218
breed_dog_339 breed_dog_339
breed_dog_88 breed_dog_88
breed_dog_197 breed_dog_197
breed_dog_346 breed_dog_346
breed_dog_908 breed_dog_908
breed_dog_979 breed_dog_979
breed_dog_994 breed_dog_994
breed_dog_993 breed_dog_993
breed_dog_991 breed_dog_991
breed_dog_857 breed_dog_857
breed_dog_1057 breed_dog_1057
breed_dog_433 breed_dog_433
breed_dog_853 breed_dog_853
breed_dog_518 breed_dog_518
breed_dog_1446 breed_dog_1446
breed_dog_1420 breed_dog_1420
breed_dog_850 breed_dog_850
breed_dog_1488 breed_dog_1488
breed_dog_1561 breed_dog_1561
breed_dog_1559 breed_dog_1559
breed_dog_1750 breed_dog_1750
breed_dog_1705 breed_dog_1705
breed_dog_1790 breed_dog_1790
breed_dog_1780 breed_dog_1780
breed_dog_1782 breed_dog_1782
breed_dog_1775 breed_dog_1775
