0001 0001
2770 2770
2771 2771
2774 2774
2785 2785
2791 2791
2795 2795
2815 2815
2835 2835
2836 2836
2840 2840
2845 2845
2848 2848
2863 2863
2874 2874
2878 2878
2879 2879
2886 2886
2888 2888
0008 0008
0016 0016
0030 0030
0034 0034
0038 0038
0040 0040
0048 0048
0053 0053
0077 0077
0082 0082
0083 0083
0084 0084
0090 0090
0096 0096
0098 0098
0115 0115
0117 0117
0125 0125
0133 0133
0135 0135
0143 0143
0147 0147
0151 0151
0171 0171
2904 2904
0197 0197
0198 0198
0216 0216
0217 0217
0223 0223
0226 0226
0228 0228
0230 0230
0231 0231
0234 0234
0258 0258
0262 0262
0272 0272
0277 0277
0279 0279
0280 0280
2909 2909
0291 0291
0295 0295
0296 0296
0297 0297
0312 0312
0314 0314
0318 0318
0319 0319
0325 0325
0333 0333
0334 0334
0336 0336
0337 0337
0341 0341
0342 0342
0345 0345
0362 0362
0364 0364
0370 0370
0372 0372
0374 0374
0376 0376
0381 0381
2913 2913
0390 0390
0399 0399
0407 0407
0413 0413
0434 0434
0444 0444
0445 0445
0465 0465
0467 0467
0468 0468
0474 0474
0477 0477
0483 0483
0486 0486
2917 2917
0511 0511
0516 0516
0527 0527
0530 0530
0535 0535
0547 0547
2925 2925
2927 2927
0579 0579
0584 0584
0594 0594
0596 0596
0602 0602
0606 0606
0607 0607
0610 0610
0611 0611
0612 0612
0620 0620
0623 0623
2930 2930
0626 0626
0632 0632
0635 0635
0639 0639
0650 0650
0654 0654
0664 0664
0688 0688
0690 0690
0691 0691
0698 0698
0702 0702
0712 0712
2939 2939
0738 0738
0749 0749
0754 0754
0772 0772
0784 0784
0786 0786
0787 0787
0792 0792
2940 2940
0802 0802
0808 0808
0809 0809
0813 0813
0815 0815
0823 0823
0825 0825
0836 0836
0843 0843
0856 0856
0865 0865
0867 0867
0868 0868
0883 0883
0886 0886
0907 0907
0917 0917
0919 0919
0924 0924
0933 0933
0934 0934
0953 0953
0960 0960
0963 0963
0964 0964
0968 0968
0971 0971
0986 0986
1010 1010
1012 1012
1016 1016
1051 1051
1052 1052
1059 1059
1061 1061
1063 1063
1064 1064
1071 1071
1076 1076
1079 1079
1082 1082
1093 1093
1096 1096
1101 1101
1118 1118
1120 1120
1124 1124
1131 1131
1145 1145
1151 1151
1154 1154
1156 1156
1158 1158
1164 1164
1167 1167
1177 1177
1189 1189
1191 1191
1194 1194
1201 1201
1206 1206
1224 1224
1229 1229
1239 1239
1243 1243
1244 1244
1257 1257
1268 1268
1269 1269
1271 1271
1276 1276
1279 1279
1283 1283
1301 1301
1307 1307
1316 1316
1320 1320
2961 2961
2962 2962
1326 1326
1327 1327
1331 1331
1333 1333
1339 1339
1342 1342
1344 1344
1350 1350
1356 1356
1364 1364
1387 1387
1390 1390
1393 1393
2965 2965
1401 1401
1407 1407
1415 1415
1424 1424
1425 1425
1426 1426
1437 1437
1438 1438
1450 1450
1456 1456
1464 1464
1478 1478
1484 1484
1495 1495
1498 1498
2970 2970
1517 1517
1523 1523
1528 1528
1531 1531
1555 1555
1565 1565
1568 1568
1570 1570
1583 1583
1614 1614
1619 1619
1624 1624
1625 1625
2978 2978
1628 1628
1643 1643
1658 1658
1663 1663
1667 1667
1681 1681
1688 1688
2983 2983
1696 1696
1697 1697
1700 1700
1701 1701
1705 1705
1708 1708
1712 1712
1714 1714
1727 1727
1739 1739
1743 1743
1751 1751
1757 1757
1766 1766
1770 1770
1773 1773
1775 1775
1786 1786
1801 1801
1818 1818
1834 1834
1846 1846
1851 1851
1862 1862
1863 1863
1865 1865
1866 1866
1877 1877
1886 1886
1890 1890
1892 1892
1899 1899
1902 1902
1911 1911
1912 1912
1917 1917
1927 1927
1929 1929
1930 1930
1938 1938
1940 1940
1942 1942
1944 1944
1951 1951
1953 1953
1957 1957
1966 1966
1968 1968
1972 1972
1974 1974
1975 1975
1976 1976
2002 2002
2995 2995
2011 2011
2017 2017
2020 2020
2035 2035
2043 2043
2053 2053
2057 2057
2067 2067
2072 2072
2083 2083
3000 3000
3003 3003
3006 3006
3030 3030
3031 3031
3033 3033
3043 3043
3044 3044
3045 3045
3058 3058
3077 3077
3078 3078
3082 3082
3084 3084
2091 2091
2097 2097
2099 2099
2100 2100
2109 2109
2112 2112
2115 2115
2116 2116
2119 2119
2121 2121
2124 2124
2127 2127
2133 2133
2147 2147
3094 3094
3102 3102
2154 2154
2157 2157
2164 2164
2169 2169
2170 2170
2175 2175
2178 2178
2180 2180
2200 2200
2204 2204
2207 2207
2211 2211
2216 2216
2226 2226
2228 2228
2229 2229
2234 2234
2252 2252
2264 2264
2286 2286
2291 2291
2292 2292
2295 2295
2300 2300
2306 2306
2314 2314
2318 2318
2331 2331
2340 2340
2343 2343
2352 2352
2359 2359
3116 3116
2366 2366
2367 2367
2371 2371
2372 2372
2375 2375
2383 2383
2385 2385
2397 2397
2400 2400
2403 2403
2405 2405
2410 2410
2417 2417
2426 2426
2431 2431
2434 2434
2439 2439
2442 2442
2445 2445
2446 2446
2452 2452
2457 2457
2459 2459
2462 2462
2467 2467
2468 2468
2469 2469
2481 2481
2482 2482
2487 2487
2489 2489
2492 2492
2501 2501
2506 2506
2507 2507
2508 2508
2512 2512
2516 2516
2530 2530
2538 2538
2554 2554
3127 3127
2567 2567
2572 2572
2591 2591
2593 2593
2595 2595
2603 2603
2630 2630
2638 2638
2647 2647
2648 2648
2661 2661
2671 2671
2693 2693
2698 2698
2702 2702
2711 2711
2714 2714
2727 2727
2734 2734
2748 2748
2760 2760
3149 3149
3154 3154
3155 3155
3160 3160
3161 3161
3163 3163
3174 3174
3179 3179
at_risk_dog_9 at_risk_dog_9
at_risk_dog_3 at_risk_dog_3
at_risk_dog_34 at_risk_dog_34
at_risk_dog_45 at_risk_dog_45
at_risk_dog_38 at_risk_dog_38
at_risk_dog_37 at_risk_dog_37
at_risk_dog_50 at_risk_dog_50
at_risk_dog_48 at_risk_dog_48
at_risk_dog_58 at_risk_dog_58
at_risk_dog_64 at_risk_dog_64
at_risk_dog_74 at_risk_dog_74
at_risk_dog_65 at_risk_dog_65
at_risk_dog_82 at_risk_dog_82
at_risk_dog_81 at_risk_dog_81
at_risk_dog_84 at_risk_dog_84
at_risk_dog_95 at_risk_dog_95
at_risk_dog_91 at_risk_dog_91
at_risk_dog_93 at_risk_dog_93
at_risk_dog_120 at_risk_dog_120
at_risk_dog_122 at_risk_dog_122
at_risk_dog_112 at_risk_dog_112
at_risk_dog_129 at_risk_dog_129
at_risk_dog_132 at_risk_dog_132
at_risk_dog_136 at_risk_dog_136
at_risk_dog_137 at_risk_dog_137
at_risk_dog_131 at_risk_dog_131
at_risk_dog_140 at_risk_dog_140
at_risk_dog_142 at_risk_dog_142
at_risk_dog_141 at_risk_dog_141
at_risk_dog_168 at_risk_dog_168
at_risk_dog_169 at_risk_dog_169
at_risk_dog_174 at_risk_dog_174
at_risk_dog_177 at_risk_dog_177
at_risk_dog_164 at_risk_dog_164
at_risk_dog_180 at_risk_dog_180
at_risk_dog_172 at_risk_dog_172
at_risk_dog_182 at_risk_dog_182
at_risk_dog_185 at_risk_dog_185
at_risk_dog_186 at_risk_dog_186
at_risk_dog_211 at_risk_dog_211
at_risk_dog_226 at_risk_dog_226
at_risk_dog_227 at_risk_dog_227
at_risk_dog_229 at_risk_dog_229
at_risk_dog_230 at_risk_dog_230
at_risk_dog_231 at_risk_dog_231
at_risk_dog_228 at_risk_dog_228
at_risk_dog_238 at_risk_dog_238
at_risk_dog_241 at_risk_dog_241
at_risk_dog_250 at_risk_dog_250
at_risk_dog_246 at_risk_dog_246
at_risk_dog_256 at_risk_dog_256
at_risk_dog_266 at_risk_dog_266
at_risk_dog_268 at_risk_dog_268
at_risk_dog_28 at_risk_dog_28
at_risk_dog_274 at_risk_dog_274
at_risk_dog_275 at_risk_dog_275
at_risk_dog_279 at_risk_dog_279
at_risk_dog_285 at_risk_dog_285
at_risk_dog_283 at_risk_dog_283
at_risk_dog_461 at_risk_dog_461
at_risk_dog_319 at_risk_dog_319
at_risk_dog_303 at_risk_dog_303
at_risk_dog_304 at_risk_dog_304
at_risk_dog_308 at_risk_dog_308
at_risk_dog_327 at_risk_dog_327
at_risk_dog_329 at_risk_dog_329
at_risk_dog_331 at_risk_dog_331
at_risk_dog_343 at_risk_dog_343
at_risk_dog_394 at_risk_dog_394
at_risk_dog_395 at_risk_dog_395
at_risk_dog_353 at_risk_dog_353
at_risk_dog_363 at_risk_dog_363
at_risk_dog_369 at_risk_dog_369
at_risk_dog_360 at_risk_dog_360
at_risk_dog_350 at_risk_dog_350
at_risk_dog_367 at_risk_dog_367
at_risk_dog_381 at_risk_dog_381
at_risk_dog_388 at_risk_dog_388
at_risk_dog_389 at_risk_dog_389
at_risk_dog_412 at_risk_dog_412
at_risk_dog_422 at_risk_dog_422
at_risk_dog_431 at_risk_dog_431
at_risk_dog_434 at_risk_dog_434
at_risk_dog_445 at_risk_dog_445
at_risk_dog_441 at_risk_dog_441
at_risk_dog_453 at_risk_dog_453
at_risk_dog_447 at_risk_dog_447
at_risk_dog_457 at_risk_dog_457
at_risk_dog_469 at_risk_dog_469
at_risk_dog_474 at_risk_dog_474
at_risk_dog_471 at_risk_dog_471
at_risk_dog_484 at_risk_dog_484
at_risk_dog_485 at_risk_dog_485
at_risk_dog_494 at_risk_dog_494
at_risk_dog_487 at_risk_dog_487
at_risk_dog_542 at_risk_dog_542
at_risk_dog_499 at_risk_dog_499
at_risk_dog_501 at_risk_dog_501
at_risk_dog_507 at_risk_dog_507
at_risk_dog_517 at_risk_dog_517
at_risk_dog_533 at_risk_dog_533
at_risk_dog_541 at_risk_dog_541
at_risk_dog_539 at_risk_dog_539
at_risk_dog_540 at_risk_dog_540
at_risk_dog_550 at_risk_dog_550
at_risk_dog_561 at_risk_dog_561
at_risk_dog_565 at_risk_dog_565
at_risk_dog_562 at_risk_dog_562
at_risk_dog_569 at_risk_dog_569
at_risk_dog_571 at_risk_dog_571
at_risk_dog_559 at_risk_dog_559
at_risk_dog_575 at_risk_dog_575
at_risk_dog_576 at_risk_dog_576
at_risk_dog_595 at_risk_dog_595
at_risk_dog_602 at_risk_dog_602
at_risk_dog_609 at_risk_dog_609
at_risk_dog_613 at_risk_dog_613
at_risk_dog_632 at_risk_dog_632
at_risk_dog_644 at_risk_dog_644
at_risk_dog_664 at_risk_dog_664
at_risk_dog_667 at_risk_dog_667
at_risk_dog_659 at_risk_dog_659
breed_dog_1188 breed_dog_1188
breed_dog_1129 breed_dog_1129
breed_dog_23 breed_dog_23
breed_dog_22 breed_dog_22
breed_dog_285 breed_dog_285
breed_dog_365 breed_dog_365
breed_dog_781 breed_dog_781
breed_dog_978 breed_dog_978
breed_dog_934 breed_dog_934
breed_dog_1342 breed_dog_1342
breed_dog_1532 breed_dog_1532
