2772 2772
2776 2776
2777 2777
2779 2779
2781 2781
2782 2782
2784 2784
2787 2787
2789 2789
2796 2796
2799 2799
2802 2802
2805 2805
2808 2808
2810 2810
2813 2813
2816 2816
2817 2817
2822 2822
2824 2824
2832 2832
2833 2833
2834 2834
2837 2837
2839 2839
2841 2841
2843 2843
2846 2846
2847 2847
2851 2851
2853 2853
2856 2856
2857 2857
2858 2858
2862 2862
2864 2864
2866 2866
2870 2870
2872 2872
2873 2873
2875 2875
2880 2880
2882 2882
2885 2885
2887 2887
0003 0003
0007 0007
0009 0009
0010 0010
0011 0011
0012 0012
2889 2889
2890 2890
0013 0013
0014 0014
0017 0017
0018 0018
2892 2892
0021 0021
0022 0022
0023 0023
0025 0025
0026 0026
0031 0031
0032 0032
0033 0033
0035 0035
0037 0037
0039 0039
2895 2895
0041 0041
0043 0043
0044 0044
2896 2896
0049 0049
0051 0051
0056 0056
0058 0058
0059 0059
0060 0060
0062 0062
2897 2897
0066 0066
0067 0067
2898 2898
0068 0068
0070 0070
0072 0072
0073 0073
0074 0074
2899 2899
0078 0078
0079 0079
0080 0080
0087 0087
0088 0088
0091 0091
0092 0092
0093 0093
0094 0094
0095 0095
2900 2900
0097 0097
0100 0100
0101 0101
0103 0103
0104 0104
0105 0105
0107 0107
0108 0108
0110 0110
0111 0111
0114 0114
0118 0118
0119 0119
0122 0122
0123 0123
0126 0126
0127 0127
2903 2903
0128 0128
0131 0131
0132 0132
0136 0136
0137 0137
0138 0138
0140 0140
0144 0144
0145 0145
0150 0150
0152 0152
0155 0155
0156 0156
0158 0158
0159 0159
0161 0161
0162 0162
0163 0163
0164 0164
0165 0165
0167 0167
0168 0168
0173 0173
0180 0180
0185 0185
0186 0186
0187 0187
0189 0189
0191 0191
2906 2906
2907 2907
0193 0193
0195 0195
0196 0196
0201 0201
0202 0202
0203 0203
0205 0205
0207 0207
0209 0209
0210 0210
0213 0213
0214 0214
0215 0215
0218 0218
0222 0222
0227 0227
0235 0235
0236 0236
0238 0238
0239 0239
0240 0240
0242 0242
0243 0243
0244 0244
0252 0252
0253 0253
0254 0254
0256 0256
0259 0259
0261 0261
0263 0263
0266 0266
0268 0268
0269 0269
0275 0275
0276 0276
0278 0278
0282 0282
0284 0284
0285 0285
0286 0286
0289 0289
0300 0300
0301 0301
2910 2910
0306 0306
0307 0307
0309 0309
0316 0316
0317 0317
0321 0321
0326 0326
0335 0335
0339 0339
2912 2912
0340 0340
0344 0344
0347 0347
0348 0348
0349 0349
0350 0350
0351 0351
0353 0353
0357 0357
0359 0359
0363 0363
0366 0366
0368 0368
0371 0371
0373 0373
0378 0378
0379 0379
0382 0382
0385 0385
0387 0387
0389 0389
0391 0391
0393 0393
0395 0395
0398 0398
0401 0401
0403 0403
0406 0406
0408 0408
0410 0410
0411 0411
0412 0412
0415 0415
0417 0417
2914 2914
0418 0418
0419 0419
0420 0420
0424 0424
0425 0425
0426 0426
0428 0428
0429 0429
0431 0431
0433 0433
2915 2915
0437 0437
0439 0439
0442 0442
0443 0443
0449 0449
0450 0450
0452 0452
0454 0454
0457 0457
0460 0460
0461 0461
0463 0463
0464 0464
0472 0472
0473 0473
0476 0476
0478 0478
0479 0479
0480 0480
0481 0481
2916 2916
0482 0482
0487 0487
0491 0491
0492 0492
0493 0493
0495 0495
0498 0498
0501 0501
0502 0502
0505 0505
0506 0506
0509 0509
0510 0510
0513 0513
0515 0515
0520 0520
0521 0521
0523 0523
2918 2918
0525 0525
2919 2919
0529 0529
0537 0537
0539 0539
0542 0542
2921 2921
0544 0544
0545 0545
0546 0546
0548 0548
0550 0550
2922 2922
0551 0551
0552 0552
0558 0558
0559 0559
0561 0561
0565 0565
2926 2926
0573 0573
0574 0574
2928 2928
0575 0575
0577 0577
0582 0582
0588 0588
0589 0589
0590 0590
0591 0591
0597 0597
0599 0599
0600 0600
0604 0604
0608 0608
0609 0609
0613 0613
0615 0615
0619 0619
0622 0622
0625 0625
2931 2931
0628 0628
0631 0631
2932 2932
0637 0637
2933 2933
0645 0645
0646 0646
0648 0648
0649 0649
0655 0655
0657 0657
0658 0658
0659 0659
0663 0663
0666 0666
0669 0669
0671 0671
0672 0672
0675 0675
0678 0678
0680 0680
0681 0681
0682 0682
0683 0683
0684 0684
0685 0685
2935 2935
0689 0689
0694 0694
0701 0701
0703 0703
0707 0707
0709 0709
0710 0710
0711 0711
2937 2937
0713 0713
0718 0718
0721 0721
0723 0723
0724 0724
0725 0725
0726 0726
0728 0728
0730 0730
0731 0731
0732 0732
0733 0733
0740 0740
0742 0742
0745 0745
0748 0748
0751 0751
0753 0753
0755 0755
0758 0758
0759 0759
0764 0764
0766 0766
0767 0767
0768 0768
0770 0770
0771 0771
0774 0774
0775 0775
0776 0776
0777 0777
0780 0780
0785 0785
0804 0804
0805 0805
0819 0819
0822 0822
0826 0826
0827 0827
0828 0828
0830 0830
0838 0838
0841 0841
0844 0844
0845 0845
0846 0846
0848 0848
0849 0849
0850 0850
0852 0852
0859 0859
0861 0861
0862 0862
0866 0866
0874 0874
2942 2942
0875 0875
0892 0892
0893 0893
0895 0895
0896 0896
0898 0898
0899 0899
0900 0900
0902 0902
0906 0906
0908 0908
0911 0911
0912 0912
0913 0913
0916 0916
0922 0922
0927 0927
0928 0928
0931 0931
0938 0938
0941 0941
2944 2944
0942 0942
0943 0943
0950 0950
0951 0951
0952 0952
0954 0954
0957 0957
0959 0959
0962 0962
0970 0970
0972 0972
0973 0973
0975 0975
0976 0976
2947 2947
0979 0979
0982 0982
0987 0987
0989 0989
0991 0991
0993 0993
2948 2948
0996 0996
0998 0998
0999 0999
1001 1001
1003 1003
1004 1004
1005 1005
1006 1006
1007 1007
1008 1008
1013 1013
1014 1014
1015 1015
2949 2949
1017 1017
1018 1018
1019 1019
1024 1024
1027 1027
1029 1029
1031 1031
1032 1032
1035 1035
1037 1037
1038 1038
1039 1039
1042 1042
1044 1044
1046 1046
1050 1050
1056 1056
1058 1058
1060 1060
1065 1065
1072 1072
1073 1073
1077 1077
1086 1086
1100 1100
1102 1102
1108 1108
1110 1110
1113 1113
1114 1114
1121 1121
1122 1122
1123 1123
1125 1125
1127 1127
1129 1129
1130 1130
1133 1133
1134 1134
1136 1136
1139 1139
1141 1141
1143 1143
1144 1144
2952 2952
1148 1148
1149 1149
1159 1159
1160 1160
1161 1161
1171 1171
1175 1175
1180 1180
1181 1181
1187 1187
1188 1188
1190 1190
1192 1192
1193 1193
1195 1195
1198 1198
1199 1199
1207 1207
1209 1209
2953 2953
1210 1210
1212 1212
1214 1214
1216 1216
1217 1217
1219 1219
1221 1221
1222 1222
2954 2954
1226 1226
1227 1227
2955 2955
1228 1228
1231 1231
1236 1236
1237 1237
1238 1238
1240 1240
1242 1242
1245 1245
1246 1246
1250 1250
1252 1252
2956 2956
2957 2957
1259 1259
1262 1262
1265 1265
1266 1266
1267 1267
1270 1270
1272 1272
1280 1280
1284 1284
2958 2958
1288 1288
1290 1290
2959 2959
1291 1291
1296 1296
1297 1297
1298 1298
1299 1299
1302 1302
1303 1303
1304 1304
1306 1306
1310 1310
1311 1311
1312 1312
1321 1321
1329 1329
1330 1330
1332 1332
1337 1337
1338 1338
1340 1340
1343 1343
1345 1345
1346 1346
1349 1349
1351 1351
1353 1353
1357 1357
1360 1360
1361 1361
1362 1362
1363 1363
1366 1366
1367 1367
1370 1370
1375 1375
1376 1376
1382 1382
1385 1385
1386 1386
2964 2964
1391 1391
1392 1392
1394 1394
1400 1400
1402 1402
1403 1403
1406 1406
1410 1410
1413 1413
1417 1417
1418 1418
1419 1419
1420 1420
1423 1423
1427 1427
1428 1428
1429 1429
1431 1431
1433 1433
1435 1435
1440 1440
1441 1441
1442 1442
1443 1443
1444 1444
1452 1452
1453 1453
1455 1455
1457 1457
1459 1459
1462 1462
1463 1463
2968 2968
2969 2969
1468 1468
1473 1473
1474 1474
1479 1479
1480 1480
1488 1488
1489 1489
1490 1490
1494 1494
1504 1504
1507 1507
1509 1509
1511 1511
1514 1514
1515 1515
1524 1524
1525 1525
1527 1527
1529 1529
1533 1533
1535 1535
1536 1536
1537 1537
1543 1543
1549 1549
1550 1550
1551 1551
1553 1553
1554 1554
1557 1557
1558 1558
1560 1560
1563 1563
1564 1564
1572 1572
1574 1574
1576 1576
1581 1581
1582 1582
1584 1584
1586 1586
1589 1589
1590 1590
1591 1591
1592 1592
1594 1594
1595 1595
1598 1598
1604 1604
1605 1605
1607 1607
1609 1609
1610 1610
1612 1612
1613 1613
2971 2971
1617 1617
2973 2973
1621 1621
2977 2977
1627 1627
2979 2979
1631 1631
1632 1632
1633 1633
1639 1639
1640 1640
1642 1642
1644 1644
1645 1645
1646 1646
1648 1648
1649 1649
2980 2980
1654 1654
1657 1657
1659 1659
1661 1661
1662 1662
1664 1664
1665 1665
1671 1671
1672 1672
1674 1674
1675 1675
1676 1676
1682 1682
1686 1686
1687 1687
1691 1691
1693 1693
1694 1694
1702 1702
1709 1709
1718 1718
1720 1720
1721 1721
2984 2984
1722 1722
1726 1726
1729 1729
1733 1733
2985 2985
2986 2986
1735 1735
1738 1738
1741 1741
1744 1744
1745 1745
1746 1746
1747 1747
1748 1748
1749 1749
1752 1752
1753 1753
1754 1754
1755 1755
1756 1756
1758 1758
1759 1759
1760 1760
1761 1761
1764 1764
1768 1768
2987 2987
1772 1772
1778 1778
1780 1780
1782 1782
1785 1785
1793 1793
1795 1795
1796 1796
1799 1799
2988 2988
1802 1802
1803 1803
1808 1808
1810 1810
1812 1812
1813 1813
1815 1815
1822 1822
1823 1823
1827 1827
1829 1829
1830 1830
1831 1831
1832 1832
1833 1833
1836 1836
1838 1838
1841 1841
1845 1845
1847 1847
1849 1849
1853 1853
1854 1854
1856 1856
1858 1858
1859 1859
1860 1860
1861 1861
1864 1864
1869 1869
2989 2989
1872 1872
1873 1873
1874 1874
1876 1876
1880 1880
1881 1881
1882 1882
1885 1885
1887 1887
1888 1888
1889 1889
1891 1891
1894 1894
1895 1895
1896 1896
1897 1897
1901 1901
1903 1903
1905 1905
1909 1909
1913 1913
1919 1919
1922 1922
2990 2990
1926 1926
2992 2992
1931 1931
1932 1932
1933 1933
1935 1935
1936 1936
2993 2993
1939 1939
1948 1948
1949 1949
1950 1950
1961 1961
1964 1964
1965 1965
1967 1967
1977 1977
1978 1978
1983 1983
1985 1985
1986 1986
1988 1988
1989 1989
2994 2994
1990 1990
1991 1991
1992 1992
1993 1993
1994 1994
1996 1996
1998 1998
1999 1999
2000 2000
2001 2001
2004 2004
2007 2007
2996 2996
2009 2009
2010 2010
2012 2012
2014 2014
2016 2016
2018 2018
2021 2021
2022 2022
2026 2026
2028 2028
2033 2033
2037 2037
2038 2038
2041 2041
2042 2042
2045 2045
2047 2047
2048 2048
2049 2049
2052 2052
2054 2054
2055 2055
2056 2056
2059 2059
2060 2060
2061 2061
2064 2064
2066 2066
2068 2068
2074 2074
2075 2075
2076 2076
2079 2079
2081 2081
2998 2998
3004 3004
3011 3011
3012 3012
3013 3013
3014 3014
3019 3019
3020 3020
3022 3022
3023 3023
3024 3024
3026 3026
3027 3027
3028 3028
3034 3034
3037 3037
3038 3038
3040 3040
2088 2088
3042 3042
3048 3048
3053 3053
3055 3055
3060 3060
3061 3061
3063 3063
3064 3064
3069 3069
3073 3073
3080 3080
3083 3083
2092 2092
2095 2095
2096 2096
2098 2098
2101 2101
2103 2103
2107 2107
2108 2108
2110 2110
2122 2122
2131 2131
2134 2134
2136 2136
2139 2139
2141 2141
2143 2143
2145 2145
3089 3089
3091 3091
3093 3093
3096 3096
3097 3097
3098 3098
3101 3101
2149 2149
3105 3105
2151 2151
2152 2152
2155 2155
2158 2158
2159 2159
2160 2160
2161 2161
2165 2165
3106 3106
2167 2167
2168 2168
2173 2173
2176 2176
2182 2182
2185 2185
2186 2186
2189 2189
2192 2192
2194 2194
2195 2195
2198 2198
2202 2202
2206 2206
2208 2208
2209 2209
2214 2214
2218 2218
2219 2219
2220 2220
2221 2221
2222 2222
2224 2224
3108 3108
3109 3109
2233 2233
3110 3110
2240 2240
2242 2242
2244 2244
2246 2246
2247 2247
2249 2249
2251 2251
2255 2255
2256 2256
2257 2257
2258 2258
2259 2259
2261 2261
2262 2262
2263 2263
2267 2267
3112 3112
3113 3113
2270 2270
2273 2273
2274 2274
2280 2280
2287 2287
2288 2288
2289 2289
2290 2290
2298 2298
2303 2303
2304 2304
2308 2308
2310 2310
2313 2313
2315 2315
2320 2320
2322 2322
3114 3114
2324 2324
2325 2325
2326 2326
2328 2328
2329 2329
2330 2330
2332 2332
2335 2335
2336 2336
2338 2338
2339 2339
2341 2341
2342 2342
2344 2344
2345 2345
2346 2346
2348 2348
2350 2350
3115 3115
2358 2358
2360 2360
2365 2365
2369 2369
2376 2376
2378 2378
2384 2384
2387 2387
2389 2389
2393 2393
2396 2396
2398 2398
2407 2407
2408 2408
2412 2412
2413 2413
2415 2415
2416 2416
2419 2419
2422 2422
2424 2424
2425 2425
2430 2430
2432 2432
2436 2436
2449 2449
2451 2451
2455 2455
2456 2456
2458 2458
2460 2460
2461 2461
3118 3118
2463 2463
2464 2464
3119 3119
2470 2470
2471 2471
3120 3120
2475 2475
2486 2486
2488 2488
2491 2491
2493 2493
2495 2495
2500 2500
2503 2503
2505 2505
3122 3122
2515 2515
2517 2517
2519 2519
2520 2520
2522 2522
2524 2524
2527 2527
2528 2528
2529 2529
2533 2533
2535 2535
2540 2540
2541 2541
2542 2542
2547 2547
3125 3125
3126 3126
2557 2557
2560 2560
2563 2563
2564 2564
2566 2566
2570 2570
2571 2571
2573 2573
2574 2574
2575 2575
2576 2576
3130 3130
2582 2582
2583 2583
2585 2585
2586 2586
2588 2588
2597 2597
2600 2600
2601 2601
2602 2602
3131 3131
2613 2613
3132 3132
2616 2616
2619 2619
2622 2622
3133 3133
2626 2626
2627 2627
2629 2629
2631 2631
2632 2632
2636 2636
2637 2637
2640 2640
2643 2643
2645 2645
2646 2646
2650 2650
2651 2651
2652 2652
2655 2655
2656 2656
2658 2658
2659 2659
2662 2662
2665 2665
2666 2666
2667 2667
2670 2670
2672 2672
2675 2675
2677 2677
2679 2679
2681 2681
2683 2683
2686 2686
2690 2690
2701 2701
2703 2703
2705 2705
3135 3135
2707 2707
2708 2708
2709 2709
2717 2717
2719 2719
2726 2726
2728 2728
2729 2729
2731 2731
2733 2733
2735 2735
2736 2736
3140 3140
2741 2741
2745 2745
2747 2747
3141 3141
2754 2754
2757 2757
2758 2758
2759 2759
2761 2761
2765 2765
3143 3143
3148 3148
3150 3150
3156 3156
3159 3159
3162 3162
3167 3167
3168 3168
3169 3169
3170 3170
3171 3171
at_risk_dog_2 at_risk_dog_2
at_risk_dog_4 at_risk_dog_4
at_risk_dog_21 at_risk_dog_21
at_risk_dog_19 at_risk_dog_19
at_risk_dog_23 at_risk_dog_23
at_risk_dog_27 at_risk_dog_27
at_risk_dog_56 at_risk_dog_56
at_risk_dog_17 at_risk_dog_17
at_risk_dog_43 at_risk_dog_43
at_risk_dog_40 at_risk_dog_40
at_risk_dog_39 at_risk_dog_39
at_risk_dog_18 at_risk_dog_18
at_risk_dog_36 at_risk_dog_36
at_risk_dog_101 at_risk_dog_101
at_risk_dog_49 at_risk_dog_49
at_risk_dog_106 at_risk_dog_106
at_risk_dog_47 at_risk_dog_47
at_risk_dog_68 at_risk_dog_68
at_risk_dog_70 at_risk_dog_70
at_risk_dog_61 at_risk_dog_61
at_risk_dog_52 at_risk_dog_52
at_risk_dog_77 at_risk_dog_77
at_risk_dog_76 at_risk_dog_76
at_risk_dog_75 at_risk_dog_75
at_risk_dog_72 at_risk_dog_72
at_risk_dog_80 at_risk_dog_80
at_risk_dog_83 at_risk_dog_83
at_risk_dog_79 at_risk_dog_79
at_risk_dog_86 at_risk_dog_86
at_risk_dog_94 at_risk_dog_94
at_risk_dog_96 at_risk_dog_96
at_risk_dog_108 at_risk_dog_108
at_risk_dog_113 at_risk_dog_113
at_risk_dog_124 at_risk_dog_124
at_risk_dog_126 at_risk_dog_126
at_risk_dog_128 at_risk_dog_128
at_risk_dog_152 at_risk_dog_152
at_risk_dog_125 at_risk_dog_125
at_risk_dog_135 at_risk_dog_135
at_risk_dog_133 at_risk_dog_133
at_risk_dog_151 at_risk_dog_151
at_risk_dog_143 at_risk_dog_143
at_risk_dog_145 at_risk_dog_145
at_risk_dog_252 at_risk_dog_252
at_risk_dog_155 at_risk_dog_155
at_risk_dog_154 at_risk_dog_154
at_risk_dog_147 at_risk_dog_147
at_risk_dog_167 at_risk_dog_167
at_risk_dog_159 at_risk_dog_159
at_risk_dog_158 at_risk_dog_158
at_risk_dog_166 at_risk_dog_166
at_risk_dog_173 at_risk_dog_173
at_risk_dog_176 at_risk_dog_176
at_risk_dog_178 at_risk_dog_178
at_risk_dog_215 at_risk_dog_215
at_risk_dog_183 at_risk_dog_183
at_risk_dog_203 at_risk_dog_203
at_risk_dog_187 at_risk_dog_187
at_risk_dog_209 at_risk_dog_209
at_risk_dog_210 at_risk_dog_210
at_risk_dog_199 at_risk_dog_199
at_risk_dog_212 at_risk_dog_212
at_risk_dog_200 at_risk_dog_200
at_risk_dog_213 at_risk_dog_213
at_risk_dog_208 at_risk_dog_208
at_risk_dog_221 at_risk_dog_221
at_risk_dog_223 at_risk_dog_223
at_risk_dog_232 at_risk_dog_232
at_risk_dog_242 at_risk_dog_242
at_risk_dog_239 at_risk_dog_239
at_risk_dog_236 at_risk_dog_236
at_risk_dog_237 at_risk_dog_237
at_risk_dog_249 at_risk_dog_249
at_risk_dog_265 at_risk_dog_265
at_risk_dog_264 at_risk_dog_264
at_risk_dog_270 at_risk_dog_270
at_risk_dog_269 at_risk_dog_269
at_risk_dog_267 at_risk_dog_267
at_risk_dog_295 at_risk_dog_295
at_risk_dog_261 at_risk_dog_261
at_risk_dog_1 at_risk_dog_1
at_risk_dog_99 at_risk_dog_99
at_risk_dog_87 at_risk_dog_87
at_risk_dog_219 at_risk_dog_219
at_risk_dog_302 at_risk_dog_302
at_risk_dog_276 at_risk_dog_276
at_risk_dog_272 at_risk_dog_272
at_risk_dog_280 at_risk_dog_280
at_risk_dog_284 at_risk_dog_284
at_risk_dog_290 at_risk_dog_290
at_risk_dog_294 at_risk_dog_294
at_risk_dog_293 at_risk_dog_293
at_risk_dog_305 at_risk_dog_305
at_risk_dog_330 at_risk_dog_330
at_risk_dog_336 at_risk_dog_336
at_risk_dog_328 at_risk_dog_328
at_risk_dog_317 at_risk_dog_317
at_risk_dog_332 at_risk_dog_332
at_risk_dog_346 at_risk_dog_346
at_risk_dog_352 at_risk_dog_352
at_risk_dog_382 at_risk_dog_382
at_risk_dog_356 at_risk_dog_356
at_risk_dog_385 at_risk_dog_385
at_risk_dog_384 at_risk_dog_384
at_risk_dog_386 at_risk_dog_386
at_risk_dog_375 at_risk_dog_375
at_risk_dog_400 at_risk_dog_400
at_risk_dog_408 at_risk_dog_408
at_risk_dog_410 at_risk_dog_410
at_risk_dog_402 at_risk_dog_402
at_risk_dog_404 at_risk_dog_404
at_risk_dog_419 at_risk_dog_419
at_risk_dog_432 at_risk_dog_432
at_risk_dog_433 at_risk_dog_433
at_risk_dog_440 at_risk_dog_440
at_risk_dog_450 at_risk_dog_450
at_risk_dog_454 at_risk_dog_454
at_risk_dog_456 at_risk_dog_456
at_risk_dog_458 at_risk_dog_458
at_risk_dog_460 at_risk_dog_460
at_risk_dog_534 at_risk_dog_534
at_risk_dog_468 at_risk_dog_468
at_risk_dog_467 at_risk_dog_467
at_risk_dog_473 at_risk_dog_473
at_risk_dog_482 at_risk_dog_482
at_risk_dog_491 at_risk_dog_491
at_risk_dog_493 at_risk_dog_493
at_risk_dog_495 at_risk_dog_495
at_risk_dog_498 at_risk_dog_498
at_risk_dog_500 at_risk_dog_500
at_risk_dog_531 at_risk_dog_531
at_risk_dog_509 at_risk_dog_509
at_risk_dog_516 at_risk_dog_516
at_risk_dog_535 at_risk_dog_535
at_risk_dog_538 at_risk_dog_538
at_risk_dog_551 at_risk_dog_551
at_risk_dog_564 at_risk_dog_564
at_risk_dog_566 at_risk_dog_566
at_risk_dog_549 at_risk_dog_549
at_risk_dog_582 at_risk_dog_582
at_risk_dog_570 at_risk_dog_570
at_risk_dog_572 at_risk_dog_572
at_risk_dog_580 at_risk_dog_580
at_risk_dog_581 at_risk_dog_581
at_risk_dog_577 at_risk_dog_577
at_risk_dog_579 at_risk_dog_579
at_risk_dog_578 at_risk_dog_578
at_risk_dog_574 at_risk_dog_574
at_risk_dog_621 at_risk_dog_621
at_risk_dog_596 at_risk_dog_596
at_risk_dog_598 at_risk_dog_598
at_risk_dog_554 at_risk_dog_554
at_risk_dog_597 at_risk_dog_597
at_risk_dog_601 at_risk_dog_601
at_risk_dog_640 at_risk_dog_640
at_risk_dog_586 at_risk_dog_586
at_risk_dog_593 at_risk_dog_593
at_risk_dog_606 at_risk_dog_606
at_risk_dog_604 at_risk_dog_604
at_risk_dog_625 at_risk_dog_625
at_risk_dog_588 at_risk_dog_588
at_risk_dog_611 at_risk_dog_611
at_risk_dog_617 at_risk_dog_617
at_risk_dog_618 at_risk_dog_618
at_risk_dog_614 at_risk_dog_614
at_risk_dog_622 at_risk_dog_622
at_risk_dog_626 at_risk_dog_626
at_risk_dog_635 at_risk_dog_635
at_risk_dog_633 at_risk_dog_633
at_risk_dog_630 at_risk_dog_630
at_risk_dog_649 at_risk_dog_649
at_risk_dog_648 at_risk_dog_648
at_risk_dog_651 at_risk_dog_651
at_risk_dog_652 at_risk_dog_652
at_risk_dog_653 at_risk_dog_653
at_risk_dog_656 at_risk_dog_656
at_risk_dog_666 at_risk_dog_666
at_risk_dog_660 at_risk_dog_660
at_risk_dog_669 at_risk_dog_669
breed_dog_1267 breed_dog_1267
breed_dog_1254 breed_dog_1254
breed_dog_1231 breed_dog_1231
breed_dog_749 breed_dog_749
breed_dog_1195 breed_dog_1195
breed_dog_556 breed_dog_556
breed_dog_577 breed_dog_577
breed_dog_1122 breed_dog_1122
breed_dog_674 breed_dog_674
breed_dog_82 breed_dog_82
breed_dog_271 breed_dog_271
breed_dog_307 breed_dog_307
breed_dog_118 breed_dog_118
breed_dog_349 breed_dog_349
breed_dog_811 breed_dog_811
breed_dog_966 breed_dog_966
breed_dog_939 breed_dog_939
breed_dog_1090 breed_dog_1090
breed_dog_435 breed_dog_435
breed_dog_428 breed_dog_428
breed_dog_537 breed_dog_537
breed_dog_920 breed_dog_920
breed_dog_379 breed_dog_379
breed_dog_1449 breed_dog_1449
breed_dog_1403 breed_dog_1403
breed_dog_1388 breed_dog_1388
breed_dog_1436 breed_dog_1436
breed_dog_1406 breed_dog_1406
breed_dog_1593 breed_dog_1593
breed_dog_1613 breed_dog_1613
breed_dog_1624 breed_dog_1624
breed_dog_1560 breed_dog_1560
breed_dog_1592 breed_dog_1592
breed_dog_1663 breed_dog_1663
breed_dog_1675 breed_dog_1675
breed_dog_1317 breed_dog_1317
breed_dog_1742 breed_dog_1742
breed_dog_1643 breed_dog_1643
breed_dog_1743 breed_dog_1743
breed_dog_1727 breed_dog_1727
breed_dog_1706 breed_dog_1706
