2780 2780
2783 2783
2786 2786
2790 2790
2797 2797
2804 2804
2807 2807
2811 2811
2812 2812
2814 2814
2818 2818
2820 2820
2826 2826
2828 2828
2829 2829
2850 2850
2860 2860
2861 2861
2868 2868
2869 2869
2876 2876
2877 2877
2881 2881
2883 2883
0015 0015
0027 0027
0028 0028
0045 0045
0046 0046
0055 0055
0063 0063
0086 0086
0102 0102
0106 0106
0109 0109
0134 0134
0146 0146
0160 0160
0166 0166
0170 0170
0175 0175
0176 0176
0179 0179
0182 0182
0183 0183
2905 2905
0190 0190
0192 0192
0199 0199
0204 0204
0208 0208
0211 0211
0212 0212
0221 0221
0224 0224
0233 0233
0247 0247
0248 0248
0249 0249
0250 0250
0251 0251
0255 0255
0257 0257
0265 0265
0267 0267
0273 0273
0287 0287
0288 0288
0290 0290
0293 0293
0299 0299
0302 0302
0303 0303
0304 0304
0313 0313
0324 0324
0329 0329
0330 0330
0331 0331
0343 0343
0355 0355
0356 0356
0360 0360
0367 0367
0375 0375
0377 0377
0380 0380
0384 0384
0386 0386
0392 0392
0400 0400
0402 0402
0404 0404
0409 0409
0414 0414
0416 0416
0427 0427
0432 0432
0438 0438
0447 0447
0448 0448
0451 0451
0462 0462
0470 0470
0484 0484
0488 0488
0496 0496
0500 0500
0504 0504
0507 0507
0508 0508
0512 0512
0514 0514
0522 0522
0524 0524
0526 0526
0528 0528
0531 0531
0532 0532
0549 0549
0557 0557
0560 0560
0566 0566
0578 0578
0581 0581
0583 0583
0592 0592
0593 0593
0595 0595
0598 0598
0605 0605
0614 0614
0618 0618
0627 0627
0630 0630
0633 0633
0640 0640
0642 0642
2934 2934
0647 0647
0662 0662
0668 0668
0674 0674
0677 0677
0679 0679
0686 0686
2936 2936
0693 0693
0704 0704
0708 0708
0714 0714
0720 0720
0722 0722
0727 0727
0743 0743
0744 0744
0747 0747
0750 0750
0756 0756
0760 0760
0763 0763
0773 0773
0778 0778
0790 0790
0791 0791
0793 0793
0794 0794
0797 0797
0799 0799
0800 0800
0803 0803
0810 0810
0811 0811
0816 0816
0818 0818
0821 0821
0832 0832
0833 0833
0834 0834
0837 0837
0839 0839
0842 0842
0853 0853
0854 0854
0858 0858
0860 0860
2941 2941
0869 0869
0870 0870
0872 0872
0881 0881
0882 0882
0884 0884
0887 0887
0889 0889
0891 0891
0894 0894
0901 0901
0903 0903
0905 0905
0909 0909
0910 0910
2943 2943
0937 0937
0939 0939
0944 0944
0949 0949
0955 0955
0956 0956
0958 0958
2946 2946
0966 0966
0977 0977
0978 0978
0980 0980
0985 0985
0988 0988
0990 0990
0992 0992
0994 0994
0995 0995
1000 1000
1009 1009
1020 1020
1021 1021
1025 1025
1036 1036
1043 1043
1048 1048
1053 1053
1054 1054
1068 1068
1069 1069
1070 1070
1075 1075
1084 1084
1089 1089
1091 1091
1094 1094
1095 1095
1107 1107
1116 1116
1119 1119
1128 1128
1132 1132
1135 1135
1137 1137
1152 1152
1153 1153
1155 1155
1157 1157
1162 1162
1163 1163
1168 1168
1169 1169
1170 1170
1178 1178
1200 1200
1208 1208
1211 1211
1213 1213
1215 1215
1218 1218
1225 1225
1230 1230
1232 1232
1253 1253
1255 1255
1256 1256
1258 1258
1260 1260
1261 1261
1264 1264
1278 1278
1287 1287
1293 1293
1300 1300
1305 1305
1308 1308
1314 1314
1317 1317
1318 1318
1319 1319
1322 1322
1328 1328
1334 1334
1335 1335
2963 2963
1359 1359
1365 1365
1368 1368
1372 1372
1374 1374
1383 1383
1389 1389
1396 1396
1398 1398
1408 1408
1409 1409
1416 1416
1430 1430
1434 1434
1446 1446
1448 1448
1451 1451
1458 1458
2967 2967
1466 1466
1467 1467
1471 1471
1476 1476
1481 1481
1485 1485
1486 1486
1487 1487
1491 1491
1501 1501
1502 1502
1508 1508
1516 1516
1518 1518
1520 1520
1521 1521
1522 1522
1530 1530
1534 1534
1540 1540
1541 1541
1544 1544
1545 1545
1546 1546
1548 1548
1552 1552
1562 1562
1571 1571
1579 1579
1585 1585
1587 1587
1596 1596
1603 1603
1611 1611
1616 1616
2974 2974
1629 1629
1630 1630
1637 1637
1638 1638
1641 1641
1647 1647
1651 1651
1652 1652
1655 1655
1656 1656
1673 1673
1679 1679
1680 1680
1689 1689
1690 1690
1695 1695
1707 1707
1725 1725
1732 1732
1734 1734
1740 1740
1791 1791
1792 1792
1794 1794
1798 1798
1805 1805
1807 1807
1809 1809
1811 1811
1814 1814
1817 1817
1820 1820
1828 1828
1837 1837
1840 1840
1848 1848
1850 1850
1875 1875
1878 1878
1883 1883
1884 1884
1904 1904
1907 1907
1910 1910
1915 1915
1920 1920
1921 1921
1923 1923
1925 1925
1934 1934
1941 1941
1956 1956
1958 1958
1969 1969
1970 1970
1979 1979
1980 1980
1981 1981
1995 1995
2013 2013
2027 2027
2029 2029
2031 2031
2032 2032
2034 2034
2039 2039
2040 2040
2051 2051
2063 2063
2065 2065
2080 2080
2086 2086
3001 3001
3009 3009
3016 3016
3018 3018
3025 3025
3029 3029
3032 3032
3036 3036
3039 3039
3041 3041
3046 3046
3047 3047
3049 3049
3051 3051
2089 2089
3066 3066
3067 3067
3068 3068
3072 3072
3081 3081
2094 2094
2104 2104
2106 2106
2111 2111
2114 2114
2118 2118
2120 2120
2125 2125
2126 2126
2128 2128
2140 2140
2144 2144
2146 2146
3087 3087
3100 3100
3104 3104
2153 2153
2156 2156
2162 2162
2163 2163
2171 2171
2172 2172
2177 2177
2188 2188
2213 2213
3107 3107
2225 2225
2230 2230
2231 2231
2241 2241
2243 2243
2250 2250
2253 2253
2266 2266
2269 2269
2271 2271
2282 2282
2285 2285
2294 2294
2302 2302
2305 2305
2309 2309
2316 2316
2319 2319
2327 2327
2333 2333
2337 2337
2349 2349
2351 2351
2354 2354
2362 2362
2368 2368
2370 2370
2373 2373
2380 2380
2382 2382
2390 2390
2391 2391
2395 2395
2399 2399
2411 2411
2414 2414
2421 2421
2433 2433
3117 3117
2435 2435
2438 2438
2440 2440
2441 2441
2444 2444
2447 2447
2448 2448
2450 2450
2466 2466
2474 2474
2476 2476
2477 2477
2479 2479
2483 2483
2490 2490
2494 2494
2496 2496
2504 2504
2511 2511
2518 2518
3124 3124
2525 2525
2534 2534
2543 2543
2544 2544
2558 2558
3128 3128
2568 2568
3129 3129
2578 2578
2579 2579
2584 2584
2587 2587
2598 2598
2604 2604
2608 2608
2615 2615
2618 2618
2623 2623
2641 2641
2644 2644
2653 2653
2654 2654
2664 2664
2668 2668
2669 2669
3134 3134
2676 2676
2680 2680
2682 2682
2684 2684
2687 2687
2688 2688
2696 2696
2700 2700
3136 3136
2710 2710
2712 2712
2713 2713
3137 3137
2716 2716
2718 2718
2720 2720
2739 2739
2744 2744
2746 2746
2749 2749
2766 2766
2767 2767
2768 2768
3142 3142
3147 3147
3151 3151
3177 3177
at_risk_dog_6 at_risk_dog_6
at_risk_dog_7 at_risk_dog_7
at_risk_dog_24 at_risk_dog_24
at_risk_dog_25 at_risk_dog_25
at_risk_dog_35 at_risk_dog_35
at_risk_dog_42 at_risk_dog_42
at_risk_dog_51 at_risk_dog_51
at_risk_dog_54 at_risk_dog_54
at_risk_dog_69 at_risk_dog_69
at_risk_dog_59 at_risk_dog_59
at_risk_dog_78 at_risk_dog_78
at_risk_dog_88 at_risk_dog_88
at_risk_dog_90 at_risk_dog_90
at_risk_dog_92 at_risk_dog_92
at_risk_dog_121 at_risk_dog_121
at_risk_dog_153 at_risk_dog_153
at_risk_dog_160 at_risk_dog_160
at_risk_dog_161 at_risk_dog_161
at_risk_dog_175 at_risk_dog_175
at_risk_dog_179 at_risk_dog_179
at_risk_dog_204 at_risk_dog_204
at_risk_dog_181 at_risk_dog_181
at_risk_dog_198 at_risk_dog_198
at_risk_dog_196 at_risk_dog_196
at_risk_dog_197 at_risk_dog_197
at_risk_dog_251 at_risk_dog_251
at_risk_dog_292 at_risk_dog_292
at_risk_dog_291 at_risk_dog_291
at_risk_dog_324 at_risk_dog_324
at_risk_dog_306 at_risk_dog_306
at_risk_dog_325 at_risk_dog_325
at_risk_dog_307 at_risk_dog_307
at_risk_dog_345 at_risk_dog_345
at_risk_dog_359 at_risk_dog_359
at_risk_dog_361 at_risk_dog_361
at_risk_dog_371 at_risk_dog_371
at_risk_dog_354 at_risk_dog_354
at_risk_dog_399 at_risk_dog_399
at_risk_dog_411 at_risk_dog_411
at_risk_dog_421 at_risk_dog_421
at_risk_dog_428 at_risk_dog_428
at_risk_dog_446 at_risk_dog_446
at_risk_dog_436 at_risk_dog_436
at_risk_dog_437 at_risk_dog_437
at_risk_dog_444 at_risk_dog_444
at_risk_dog_439 at_risk_dog_439
at_risk_dog_451 at_risk_dog_451
at_risk_dog_459 at_risk_dog_459
at_risk_dog_464 at_risk_dog_464
at_risk_dog_466 at_risk_dog_466
at_risk_dog_472 at_risk_dog_472
at_risk_dog_492 at_risk_dog_492
at_risk_dog_476 at_risk_dog_476
at_risk_dog_497 at_risk_dog_497
at_risk_dog_496 at_risk_dog_496
at_risk_dog_532 at_risk_dog_532
at_risk_dog_519 at_risk_dog_519
at_risk_dog_520 at_risk_dog_520
at_risk_dog_504 at_risk_dog_504
at_risk_dog_545 at_risk_dog_545
at_risk_dog_547 at_risk_dog_547
at_risk_dog_512 at_risk_dog_512
at_risk_dog_563 at_risk_dog_563
at_risk_dog_515 at_risk_dog_515
at_risk_dog_567 at_risk_dog_567
at_risk_dog_568 at_risk_dog_568
at_risk_dog_556 at_risk_dog_556
at_risk_dog_518 at_risk_dog_518
at_risk_dog_529 at_risk_dog_529
at_risk_dog_573 at_risk_dog_573
at_risk_dog_583 at_risk_dog_583
at_risk_dog_594 at_risk_dog_594
at_risk_dog_619 at_risk_dog_619
at_risk_dog_599 at_risk_dog_599
at_risk_dog_600 at_risk_dog_600
at_risk_dog_603 at_risk_dog_603
at_risk_dog_608 at_risk_dog_608
at_risk_dog_607 at_risk_dog_607
at_risk_dog_589 at_risk_dog_589
at_risk_dog_612 at_risk_dog_612
at_risk_dog_615 at_risk_dog_615
at_risk_dog_634 at_risk_dog_634
at_risk_dog_638 at_risk_dog_638
at_risk_dog_636 at_risk_dog_636
at_risk_dog_646 at_risk_dog_646
at_risk_dog_650 at_risk_dog_650
at_risk_dog_647 at_risk_dog_647
at_risk_dog_641 at_risk_dog_641
at_risk_dog_654 at_risk_dog_654
at_risk_dog_665 at_risk_dog_665
at_risk_dog_663 at_risk_dog_663
breed_dog_1269 breed_dog_1269
breed_dog_1251 breed_dog_1251
breed_dog_1230 breed_dog_1230
breed_dog_1217 breed_dog_1217
breed_dog_1205 breed_dog_1205
breed_dog_1200 breed_dog_1200
breed_dog_1185 breed_dog_1185
breed_dog_1184 breed_dog_1184
breed_dog_1183 breed_dog_1183
breed_dog_1167 breed_dog_1167
breed_dog_1158 breed_dog_1158
breed_dog_1149 breed_dog_1149
breed_dog_454 breed_dog_454
breed_dog_451 breed_dog_451
breed_dog_475 breed_dog_475
breed_dog_1127 breed_dog_1127
breed_dog_564 breed_dog_564
breed_dog_654 breed_dog_654
breed_dog_626 breed_dog_626
breed_dog_682 breed_dog_682
breed_dog_6 breed_dog_6
breed_dog_68 breed_dog_68
breed_dog_44 breed_dog_44
breed_dog_140 breed_dog_140
breed_dog_71 breed_dog_71
breed_dog_171 breed_dog_171
breed_dog_170 breed_dog_170
breed_dog_288 breed_dog_288
breed_dog_754 breed_dog_754
breed_dog_372 breed_dog_372
breed_dog_812 breed_dog_812
breed_dog_838 breed_dog_838
breed_dog_633 breed_dog_633
breed_dog_889 breed_dog_889
breed_dog_973 breed_dog_973
breed_dog_974 breed_dog_974
breed_dog_941 breed_dog_941
breed_dog_377 breed_dog_377
breed_dog_683 breed_dog_683
breed_dog_1298 breed_dog_1298
breed_dog_532 breed_dog_532
breed_dog_1109 breed_dog_1109
breed_dog_299 breed_dog_299
breed_dog_1456 breed_dog_1456
breed_dog_1360 breed_dog_1360
breed_dog_1371 breed_dog_1371
breed_dog_1431 breed_dog_1431
breed_dog_1332 breed_dog_1332
breed_dog_1518 breed_dog_1518
breed_dog_1545 breed_dog_1545
breed_dog_1708 breed_dog_1708
breed_dog_1683 breed_dog_1683
breed_dog_1693 breed_dog_1693
